# oST version 5.0 parameters


[image]

width
1920

height
1080

[narrow_stereo]

camera matrix
1127.069605 0.000000 957.184925
0.000000 1122.536231 490.699281
0.000000 0.000000 1.000000

distortion
-0.030245 -0.037271 0.000390 -0.006429 0.000000

rectification
1.000000 0.000000 0.000000
0.000000 1.000000 0.000000
0.000000 0.000000 1.000000

projection
1070.688354 0.000000 935.591586 0.000000
0.000000 1111.448853 489.358362 0.000000
0.000000 0.000000 1.000000 0.000000

